 HEADER
    fy4_1-agri   13  predictors are: 1000-300hpa thickness, 200-50hpa thickness, satellite zenith, gas constant
 BIAS COEFFICIENTS
           1  0.0000000E+00  0.0000000E+00  0.000000000000000E+000
  0.000000000000000E+000
           2  0.0000000E+00  0.0000000E+00 -0.159330152944185     
  9.166745760193952E-002
           3  0.0000000E+00  0.0000000E+00 -0.160713587239712     
  9.260100948164116E-002
           4  0.0000000E+00  0.0000000E+00 -0.208756399813190     
  0.131012290170043     
           5  0.0000000E+00  0.0000000E+00 -0.117524500287519     
  5.743101480723533E-002
           6  0.0000000E+00  0.0000000E+00 -0.167302147585170     
  9.436193432401452E-002
           7  0.0000000E+00  0.0000000E+00 -0.232602382870347     
  0.156960514567462     
           8  0.063   0.001   -0.063521747285852
  -0.683 
           9  0.025   0.004   -0.049296716109717     
  -0.187
          10  0.0000000E+00  0.0000000E+00 -0.100621554761100     
  6.159367758921208E-002
          11  0.0000000E+00  0.0000000E+00 -0.133552242116067     
  9.642107663743761E-002
          12  0.0000000E+00  0.0000000E+00 -0.140648748248774     
  0.108431653663952     
          13  0.0000000E+00  0.0000000E+00 -6.132604881751257E-002
  4.103874999397716E-002
