! Channel Selection & Surface emissivity  & error
  300
    1 1 0 -1.0  1.25
    2 2 0 -1.0  2.08
    3 3 1 -1.0  3.34
    4 4 1 -1.0  2.90
    5 5 1 -1.0  3.58
    6 6 1 -1.0  3.26
    7 7 0 -1.0  2.15
    8 8 0 -1.0  2.18
    9 9 1 -1.0  2.20
   10 10 1 -1.0  2.88
   11 11 1 -1.0  2.50
   12 12 1 -1.0  2.14
   13 13 1 -1.0  2.85
   14 14 0 -1.0  2.27
   15 15 0 -1.0  2.31
   16 16 1 -1.0  2.40
   17 17 0 -1.0  2.40
   18 18 0 -1.0  2.50
   19 19 1 -1.0  3.23
   20 20 0 -1.0  2.61
   21 21 0 -1.0  2.76
   22 22 1 -1.0  2.63
   23 23 0 -1.0  2.79
   24 24 1 -1.0  2.54
   25 25 0 -1.0  2.73
   26 26 1 -1.0  2.64
   27 27 1 -1.0  2.76
   28 28 0 -1.0  2.74
   29 29 1 -1.0  3.10
   30 30 0 -1.0  2.55
   31 31 0 -1.0  2.43
   32 32 1 -1.0  4.49
   33 33 1 -1.0  4.52
   34 34 1 -1.0  4.06
   35 35 0 -1.0  3.01
   36 36 0 -1.0  3.37
   37 37 0 -1.0  3.53
   38 38 1 -1.0  3.08
   39 39 0 -1.0  3.80
   40 40 0 -1.0  4.23
   41 41 0 -1.0  3.83
   42 42 0 -1.0  4.33
   43 43 0 -1.0  4.85
   44 44 0 -1.0  5.75
   45 45 0 -1.0  6.33
   46 46 0 -1.0  6.83
   47 47 0 -1.0  7.11
   48 48 0 -1.0  7.24
   49 49 0 -1.0  7.21
   50 50 0 -1.0  7.31
   51 51 0 -1.0  7.40
   52 52 0 -1.0  7.07
   53 53 0 -1.0  7.16
   54 54 0 -1.0  6.89
   55 55 0 -1.0  6.60
   56 56 0 -1.0  6.28
   57 57 0 -1.0  5.71
   58 58 0 -1.0  4.87
   59 59 0 -1.0  4.47
   60 60 0 -1.0  3.93
   61 61 1 -1.0  3.51
   62 62 0 -1.0  3.25
   63 63 1 -1.0  3.89
   64 64 0 -1.0  2.78
   65 65 1 -1.0  3.05
   66 66 0 -1.0  2.45
   67 67 0 -1.0  2.32
   68 68 0 -1.0  2.45
   69 69 0 -1.0  2.76
   70 70 1 -1.0  2.43
   71 71 1 -1.0  2.14
   72 72 1 -1.0  2.30
   73 73 1 -1.0  2.25
   74 74 1 -1.0  2.45
   75 75 1 -1.0  2.90
   76 76 0 -1.0  2.79
   77 77 1 -1.0  2.94
   78 78 1 -1.0  2.45
   79 79 1 -1.0  2.78
   80 80 1 -1.0  2.91
   81 81 0 -1.0  3.06
   82 82 0 -1.0  3.51
   83 83 0 -1.0  3.03
   84 84 1 -1.0  2.78
   85 85 1 -1.0  2.65
   86 86 1 -1.0  2.73
   87 87 1 -1.0  2.79
   88 88 1 -1.0  3.17
   89 89 1 -1.0  3.41
   90 90 1 -1.0  3.16
   91 91 1 -1.0  3.74
   92 92 1 -1.0  4.23
   93 93 0 -1.0  4.08
   94 94 0 -1.0  5.05
   95 95 0 -1.0  4.71
   96 96 0 -1.0  5.24
   97 97 0 -1.0  5.05
   98 98 0 -1.0  4.85
   99 99 0 -1.0  5.27
  100 100 0 -1.0  5.14
  101 101 0 -1.0  5.84
  102 102 0 -1.0  5.61
  103 103 0 -1.0  5.84
  104 104 0 -1.0  5.89
  105 105 0 -1.0  5.74
  106 106 0 -1.0  6.12
  107 107 0 -1.0  5.82
  108 108 0 -1.0  5.58
  109 109 1 -1.0  5.76
  110 110 0 -1.0  5.45
  111 111 0 -1.0  4.92
  112 112 1 -1.0  5.13
  113 113 1 -1.0  4.67
  114 114 0 -1.0  5.19
  115 115 0 -1.0  6.10
  116 116 0 -1.0  6.37
  117 117 0 -1.0  6.37
  118 118 0 -1.0  6.48
  119 119 0 -1.0  6.40
  120 120 0 -1.0  6.16
  121 121 1 -1.0  5.64
  122 122 1 -1.0  4.33
  123 123 1 -1.0  4.70
  124 124 1 -1.0  4.27
  125 125 1 -1.0  5.39
  126 126 0 -1.0  6.05
  127 127 0 -1.0  5.31
  128 128 0 -1.0  4.89
  129 129 0 -1.0  5.86
  130 130 0 -1.0  6.57
  131 131 0 -1.0  6.68
  132 132 0 -1.0  6.63
  133 133 0 -1.0  6.55
  134 134 0 -1.0  6.22
  135 135 1 -1.0  5.05
  136 136 1 -1.0  4.33
  137 137 1 -1.0  5.10
  138 138 0 -1.0  6.08
  139 139 0 -1.0  6.63
  140 140 0 -1.0  6.75
  141 141 0 -1.0  6.81
  142 142 0 -1.0  6.86
  143 143 0 -1.0  6.95
  144 144 0 -1.0  6.95
  145 145 0 -1.0  6.94
  146 146 0 -1.0  6.90
  147 147 0 -1.0  5.42
  148 148 0 -1.0  3.86
  149 149 0 -1.0  4.85
  150 150 0 -1.0  5.30
  151 151 0 -1.0  4.58
  152 152 0 -1.0  4.86
  153 153 0 -1.0  5.15
  154 154 1 -1.0  4.24
  155 155 1 -1.0  4.36
  156 156 0 -1.0  4.81
  157 157 0 -1.0  4.61
  158 158 1 -1.0  4.13
  159 159 1 -1.0  4.17
  160 160 0 -1.0  4.71
  161 161 0 -1.0  6.12
  162 162 0 -1.0  6.65
  163 163 0 -1.0  6.69
  164 164 0 -1.0  6.66
  165 165 0 -1.0  5.64
  166 166 1 -1.0  4.15
  167 167 0 -1.0  4.65
  168 168 0 -1.0  6.18
  169 169 0 -1.0  6.85
  170 170 0 -1.0  6.62
  171 171 0 -1.0  6.33
  172 172 0 -1.0  6.71
  173 173 0 -1.0  6.11
  174 174 0 -1.0  4.94
  175 175 0 -1.0  5.73
  176 176 0 -1.0  6.99
  177 177 0 -1.0  7.10
  178 178 0 -1.0  7.07
  179 179 0 -1.0  7.11
  180 180 0 -1.0  7.15
  181 181 0 -1.0  7.08
  182 182 0 -1.0  6.58
  183 183 0 -1.0  5.15
  184 184 1 -1.0  4.84
  185 185 0 -1.0  5.91
  186 186 0 -1.0  7.01
  187 187 0 -1.0  7.11
  188 188 0 -1.0  7.14
  189 189 0 -1.0  7.25
  190 190 0 -1.0  7.26
  191 191 0 -1.0  7.26
  192 192 0 -1.0  7.27
  193 193 0 -1.0  7.29
  194 194 0 -1.0  7.27
  195 195 0 -1.0  7.31
  196 196 0 -1.0  7.24
  197 197 0 -1.0  7.23
  198 198 0 -1.0  7.21
  199 199 0 -1.0  7.27
  200 200 0 -1.0  7.01
  201 201 0 -1.0  6.35
  202 202 0 -1.0  6.56
  203 203 0 -1.0  7.17
  204 204 0 -1.0  6.39
  205 205 0 -1.0  5.35
  206 206 0 -1.0  5.97
  207 207 0 -1.0  7.19
  208 208 0 -1.0  7.27
  209 209 0 -1.0  7.24
  210 210 0 -1.0  7.27
  211 211 0 -1.0  7.26
  212 212 0 -1.0  7.33
  213 213 0 -1.0  7.28
  214 214 0 -1.0  7.31
  215 215 0 -1.0  7.30
  216 216 0 -1.0  7.34
  217 217 0 -1.0  6.99
  218 218 0 -1.0  6.86
  219 219 0 -1.0  7.08
  220 220 0 -1.0  7.33
  221 221 0 -1.0  7.25
  222 222 0 -1.0  7.27
  223 223 0 -1.0  7.27
  224 224 0 -1.0  6.25
  225 225 1 -1.0  5.62
  226 226 0 -1.0  6.27
  227 227 0 -1.0  6.92
  228 228 0 -1.0  6.79
  229 229 0 -1.0  6.96
  230 230 0 -1.0  7.31
  231 231 0 -1.0  7.26
  232 232 0 -1.0  7.30
  233 233 0 -1.0  7.24
  234 234 0 -1.0  7.25
  235 235 0 -1.0  7.20
  236 236 0 -1.0  7.30
  237 237 0 -1.0  7.25
  238 238 0 -1.0  7.28
  239 239 0 -1.0  6.88
  240 240 0 -1.0  5.65
  241 241 0 -1.0  5.91
  242 242 0 -1.0  7.12
  243 243 0 -1.0  7.05
  244 244 0 -1.0  5.73
  245 245 1 -1.0  4.39
  246 246 0 -1.0  4.75
  247 247 0 -1.0  5.81
  248 248 0 -1.0  5.28
  249 249 0 -1.0  5.73
  250 250 0 -1.0  7.12
  251 251 0 -1.0  7.21
  252 252 0 -1.0  7.23
  253 253 0 -1.0  7.30
  254 254 0 -1.0  7.02
  255 255 0 -1.0  7.01
  256 256 0 -1.0  7.04
  257 257 0 -1.0  7.13
  258 258 0 -1.0  7.23
  259 259 0 -1.0  7.25
  260 260 0 -1.0  7.20
  261 261 0 -1.0  7.23
  262 262 0 -1.0  7.20
  263 263 0 -1.0  7.24
  264 264 0 -1.0  6.93
  265 265 0 -1.0  5.94
  266 266 0 -1.0  6.01
  267 267 0 -1.0  6.94
  268 268 0 -1.0  7.15
  269 269 0 -1.0  7.16
  270 270 0 -1.0  7.17
  271 271 0 -1.0  7.14
  272 272 0 -1.0  7.17
  273 273 0 -1.0  7.18
  274 274 0 -1.0  6.46
  275 275 0 -1.0  5.75
  276 276 0 -1.0  6.43
  277 277 0 -1.0  7.15
  278 278 0 -1.0  7.17
  279 279 0 -1.0  7.16
  280 280 0 -1.0  7.19
  281 281 0 -1.0  7.15
  282 282 0 -1.0  7.15
  283 283 0 -1.0  7.13
  284 284 0 -1.0  7.20
  285 285 0 -1.0  7.21
  286 286 0 -1.0  6.28
  287 287 0 -1.0  6.00
  288 288 0 -1.0  6.75
  289 289 0 -1.0  7.21
  290 290 0 -1.0  6.79
  291 291 0 -1.0  6.69
  292 292 0 -1.0  6.99
  293 293 0 -1.0  6.95
  294 294 0 -1.0  6.48
  295 295 0 -1.0  6.06
  296 296 0 -1.0  6.48
  297 297 0 -1.0  7.06
  298 298 0 -1.0  7.03
  299 299 0 -1.0  7.06
  300 300 0 -1.0  5.91
Dimensions: DIM_000 DIM_001 DIM_002 DIM_003 DIM_004 DIM_005
For REG: 4096 65536 14 2 1092 2748; For GLB: 4096 65536 14 2 2748 2748
subpoint (longitude)
   104.7
Resolution (km)
   4.0
Parameters for lat/lon conversion: COFF(column offset) CFAC(column scale factor) ea(earth radius: km) eb(earth radius: km) h(height of satellite: km)
   1373.5 10233137.0 6378.137 6356.7523 42164