MWTS2_channels  RTTOV_channels ifuse  obserr  bias   camin   camax   stdmin   stdmax  btlim  overseaonly
   13 channels in total
   1      1    1   1.2     0.1    0.1     12.3    1.2     12.0   999.0   -1
   2      2    1   1.2     0.1    0.1     12.3    1.2     12.0   999.0   -1
   3      3    1   1.2     0.1    0.1     12.3    1.2     12.0   999.0   -1
   4      4    1   1.2     0.1    0.1     12.3    1.2     12.0   999.0   -1
   5      5    1   1.2     0.1    0.1     12.3    1.2     12.0   999.0   -1
   6      6    1   1.2     0.1    0.1     12.3    1.2     12.0   999.0   -1
   7      7    1   1.2     0.1    0.1     12.3    1.2     12.0   999.0   -1
   8      8    1   1.2     0.1    0.1     12.3    1.2     12.0   999.0   -1
   9      9    1   1.3     0.1    0.1     11.4    1.1     13.0   999.0   -1
   10    10    1   1.2     0.1    0.1     12.3    1.2     12.0   999.0   -1
   11    11    1   1.3     0.1    0.1     11.4    1.5     13.0   999.0   -1
   12    12    1   1.2     0.1    0.1     12.3    1.5     12.0   999.0   -1
   13    13    1   1.3     0.1    0.1     11.4    1.5     13.0   999.0   -1
