-600. -400. 200. 2350. 4700. 6300. 7500. 8800. 10300. 12300. 14400. 16100. 18300. 21100. 23900. 26600. 31300. 33800. 37100. 39800. 45500.
-1000. -550. 0. 2200. 4500. 6100. 7300. 8500. 10000. 12000. 14000. 15500. 17700. 20500. 23300. 26000. 30700. 33300. 36600. 39400. 44900.
600. 1100. 2000. 3450. 6100. 7800. 9800. 11100. 12900. 14900. 17700. 20900. 23100. 25900. 29700. 33200. 35800. 37800. 41600. 44400. 50100. 
800. 1200. 2200. 3600. 6300. 8000. 10100. 11400. 13200. 15200. 18100. 21500. 23700. 26500. 30300. 34000. 36400. 38300. 42100. 44900. 50700.
-550.  200.  400. 2450. 4700. 6300. 7500. 8800. 10300. 12300. 14400. 16100. 18300. 21100. 23900. 26600. 31300. 33800. 37100. 39800. 45500.
-700. -200.   200. 2200. 4500. 6100. 7300. 8500. 10000. 12000. 14000. 15500. 17700. 20500. 23300. 26000. 30700. 33300. 36600. 39400. 44900.
650. 1100. 2000. 3450. 6100. 7800. 9800. 11100. 12900. 14900. 17700. 20900. 23100. 25900. 29700. 33200. 35800. 37800. 41600. 44400. 50100.
800. 1400. 2200. 3600. 6300. 8000. 10100. 11400. 13200. 15200. 18100. 21500. 23700. 26500. 30300. 34000. 36400. 38300. 42100. 44900. 50700.
60. 62. 65. 75. 85. 100. 110. 110. 120. 110.  90.  90.  80. 100. 110. 110. 90. 80. 80. 70. 70.
-30. -40. -50. -70. -80. -85. -85. -85. -85. -90.  -90. -90. -85. -85. -85. -85. -80. -70. -60. -60. -60.
-50. -55. -65. -85. -95. -100. -100. -100. -100. -100. -100. -100. -100. -100. -100. -100. -90. -80. -70. -70. -70.
55.  45.  35.  25.  5.  -5. -10. -10. -10. -10. -10.  -5.  -5.  -5.  -5.  -5.  10.  15.  25.  30. 30.
60.  50.  40.  30.  15.   0. -5. -5. -5. -5. -5.   5.   5.   5.   5.   5.  20.  30.  35.  40. 40.
-70. -70. -70. -70. -80. -85. -85. -85. -90. -90. -90. -90. -90. -90. -90. -85. -80. -70. -60. -60. -60.
-90. -90. -90. -90. -100. -100. -100. -100. -100. -100. -100.  -100. -100. -100. -100. -100. -90. -80. -70.  -70. -70.
45.  35.  30.  20.   5.  -5. -10. -10. -10. -10. -10.  -5.  -5.  -5.  -5.  -5.  10.  15.  25.  30. 30.
55.0  45.0  35.0  25.0   10.0  0.0 -5.0 -5.0  -5.0  -5.0   -5.0   5.0   5.0   5.0   5.0   5.0  20.0  30.0  35.0  40. 40.
